24 36
0 1 1
0 11 2
0 12 2
1 2 2
1 13 1
2 3 2
2 14 2
3 4 1
3 15 2
4 5 2
4 16 1
5 6 1
5 17 2
6 7 1
6 18 1
7 8 2
7 19 2
8 9 2
8 20 2
9 10 1
9 21 2
10 11 1
10 22 2
11 23 1
12 13 2
12 23 2
13 14 1
14 15 2
15 16 2
16 17 1
17 18 1
18 19 1
19 20 1
20 21 2
21 22 1
22 23 2
9
7
2 14 2
5 6 2
5 17 2
6 18 1
17 18 2
20 21 2
22 23 2
6
1 2 2
1 13 2
5 6 2
10 11 2
12 23 1
15 16 2
5
0 12 1
1 13 1
3 4 1
6 7 1
11 23 2
7
2 14 1
6 18 2
8 20 1
14 15 1
15 16 2
16 17 1
22 23 2
6
1 2 1
5 6 1
10 11 2
13 14 1
17 18 1
21 22 2
5
0 1 2
3 4 1
5 6 1
15 16 2
22 23 1
7
1 13 1
2 3 1
3 15 1
4 5 2
5 6 2
10 11 1
18 19 1
6
0 11 2
3 4 2
5 17 2
12 23 2
19 20 2
22 23 1
5
0 11 2
2 3 1
3 4 1
9 21 1
15 16 2
