25 25
0 1 1
0 24 1
1 2 1
2 3 2
3 4 1
4 5 2
5 6 1
6 7 2
7 8 1
8 9 1
9 10 2
10 11 2
11 12 2
12 13 1
13 14 2
14 15 1
15 16 2
16 17 2
17 18 1
18 19 1
19 20 2
20 21 2
21 22 1
22 23 2
23 24 2
8
6
6 7 2
10 11 1
12 13 2
18 19 1
20 21 1
21 22 1
6
0 1 1
1 2 1
5 6 2
11 12 2
13 14 2
16 17 2
6
0 1 1
1 2 2
3 4 2
19 20 1
22 23 2
23 24 1
6
6 7 1
10 11 2
11 12 1
12 13 1
13 14 2
19 20 1
6
0 1 2
4 5 1
7 8 1
14 15 2
15 16 2
19 20 1
6
7 8 1
10 11 1
12 13 2
19 20 1
21 22 2
22 23 2
5
13 14 1
14 15 2
15 16 2
18 19 1
21 22 1
4
2 3 1
7 8 2
12 13 1
17 18 2
