10 15
0 1 1
0 4 2
0 5 1
1 2 1
1 6 1
2 3 2
2 7 1
3 4 2
3 8 2
4 9 1
5 7 1
5 8 2
6 8 2
6 9 1
7 9 1
10
7
0 5 2
1 2 2
1 6 1
2 7 2
3 4 1
5 7 2
7 9 1
6
0 4 1
1 2 2
2 7 1
3 4 2
5 7 1
6 8 1
8
0 4 2
0 5 2
1 6 2
3 8 1
4 9 2
5 7 2
5 8 1
6 9 2
7
0 1 1
1 6 1
2 3 2
2 7 1
3 4 2
5 7 2
7 9 2
6
0 1 2
2 3 2
2 7 1
3 4 2
6 9 1
7 9 2
8
0 4 1
0 5 2
1 6 2
2 3 2
3 8 1
5 8 2
6 8 1
7 9 2
6
0 1 1
1 6 1
2 3 1
3 8 2
6 8 2
7 9 1
7
0 5 1
1 6 1
2 7 1
3 8 2
5 7 1
5 8 2
6 9 2
8
0 4 2
0 5 1
2 3 1
3 8 1
4 9 2
5 8 1
6 8 2
6 9 1
6
0 1 1
2 7 1
3 8 2
4 9 1
6 9 2
7 9 2
