12 35
0 7 1
0 8 1
0 9 2
0 10 2
0 11 1
1 7 2
1 8 2
1 9 2
1 10 2
1 11 2
2 7 2
2 8 2
2 9 2
2 10 1
2 11 2
3 7 2
3 8 1
3 9 2
3 10 2
3 11 1
4 7 1
4 8 2
4 9 2
4 10 2
4 11 1
5 7 1
5 8 2
5 9 2
5 10 1
5 11 2
6 7 2
6 8 2
6 9 2
6 10 1
6 11 2
8
19
0 7 2
0 9 1
0 10 1
0 11 1
1 8 1
1 9 1
1 10 2
2 7 2
2 9 2
2 11 1
3 8 2
3 9 1
4 7 2
4 9 1
5 10 1
6 7 1
6 8 1
6 9 1
6 10 2
18
0 7 2
0 11 2
1 8 1
1 11 1
2 9 2
2 11 1
3 8 2
3 9 1
3 10 1
3 11 1
4 7 1
4 8 2
5 7 1
5 10 1
5 11 2
6 8 1
6 9 2
6 11 1
19
0 7 1
0 10 1
1 7 2
1 9 1
1 11 2
2 8 2
2 9 2
2 10 1
3 9 2
3 11 1
4 7 1
4 8 2
4 10 1
4 11 2
5 7 2
5 8 1
5 11 1
6 9 1
6 11 1
18
0 7 2
0 8 1
0 10 2
0 11 1
1 7 2
2 7 1
2 11 2
3 8 1
3 9 2
3 10 2
3 11 1
4 7 1
4 8 1
4 10 1
5 9 2
5 10 1
6 8 1
6 10 1
19
0 7 2
0 8 1
0 10 2
0 11 1
1 10 1
1 11 2
2 7 1
2 9 2
3 7 1
3 8 2
3 9 1
3 11 2
4 8 1
4 9 2
4 10 1
5 9 1
5 11 2
6 8 2
6 11 2
19
0 7 2
0 8 2
1 7 2
1 9 2
2 7 2
2 8 2
2 9 2
2 10 2
2 11 2
3 9 2
3 10 1
4 8 2
4 9 1
4 10 1
4 11 2
5 8 2
5 10 2
6 9 1
6 10 2
19
0 9 1
0 11 2
1 7 2
1 8 2
1 10 2
2 7 2
2 10 1
3 7 2
3 8 1
3 9 2
3 11 2
4 7 2
4 9 2
4 10 2
5 8 2
5 9 1
5 10 1
6 8 1
6 11 2
21
0 9 2
0 10 2
0 11 2
1 8 1
1 10 2
1 11 2
3 7 1
3 8 2
3 11 1
4 7 1
4 9 2
4 10 1
4 11 1
5 8 2
5 9 1
5 11 1
6 7 1
6 8 1
6 9 2
6 10 1
6 11 1
