32 80
0 1 1
0 2 2
0 4 2
0 8 2
0 16 1
1 3 2
1 5 1
1 9 2
1 17 2
2 3 2
2 6 2
2 10 1
2 18 1
3 7 2
3 11 2
3 19 2
4 5 1
4 6 2
4 12 2
4 20 2
5 7 1
5 13 2
5 21 2
6 7 1
6 14 1
6 22 2
7 15 1
7 23 1
8 9 2
8 10 1
8 12 2
8 24 2
9 11 2
9 13 2
9 25 2
10 11 2
10 14 2
10 26 2
11 15 1
11 27 2
12 13 1
12 14 2
12 28 1
13 15 2
13 29 2
14 15 2
14 30 1
15 31 1
16 17 2
16 18 1
16 20 1
16 24 2
17 19 1
17 21 2
17 25 1
18 19 1
18 22 2
18 26 1
19 23 1
19 27 1
20 21 2
20 22 1
20 28 2
21 23 2
21 29 1
22 23 1
22 30 2
23 31 2
24 25 1
24 26 1
24 28 2
25 27 1
25 29 1
26 27 1
26 30 1
27 31 1
28 29 2
28 30 2
29 31 1
30 31 2
9
10
1 17 1
4 20 2
7 23 1
8 24 1
13 15 2
18 22 1
22 30 2
24 28 1
25 29 1
29 31 1
12
1 17 1
2 18 2
5 7 2
9 25 1
10 14 1
11 27 1
18 22 2
18 26 2
24 26 2
24 28 2
28 30 2
30 31 1
10
1 3 1
1 9 2
4 12 2
6 7 2
6 22 1
8 10 2
10 14 1
12 14 1
27 31 1
28 29 1
13
1 5 2
1 17 1
3 11 2
6 22 2
8 24 2
10 26 1
12 14 1
13 15 1
14 30 2
17 21 1
19 23 1
19 27 1
25 29 2
13
1 17 2
3 19 1
6 22 2
7 23 2
8 24 2
9 11 1
11 15 1
13 29 2
17 21 2
17 25 2
19 23 2
25 27 1
26 27 2
13
0 8 1
3 11 2
4 12 1
6 7 1
8 12 1
9 25 1
10 14 1
17 25 1
20 21 2
20 28 2
24 26 2
25 29 2
28 30 1
13
0 16 2
3 11 2
6 7 1
7 23 2
9 11 2
10 14 2
10 26 2
19 27 2
22 30 2
25 27 2
26 30 1
27 31 2
28 30 1
10
2 6 2
2 10 2
3 7 1
5 13 2
5 21 2
8 9 2
16 24 1
20 21 2
22 30 2
23 31 2
11
0 2 2
1 3 2
3 7 2
4 20 1
5 13 1
9 11 2
11 15 2
14 15 1
15 31 2
19 27 2
21 23 2
